0.46506
0.40318
0.36229
0.06918
1.02078
0.8758
0.87235
1.21987
1.54928
1.47044
1.54438
1.51711
1.47234
0.67115
0.6255
1.51576
1.50191
1.52854
1.59712
0.45407
0.36708
0.32949
0.33718
0.33718
0.34066
0.53623
0.34876
0.2666
1.62512
0.29731
0.44469
0.37632
0.25527
0.22891
0.22078
0.21327
0.16965
0.33528
0.30953
0.223
0.34444
0.3128
0.31706
0.29424
0.31479
0.23366
0.33245
0.38167
1.76419
-2.00098
-0.23859
-0.37886
-0.35714
-0.3855
-0.32352
-0.32407
-0.33512
-0.28381
-0.28381
-0.28381
-0.29479
-0.29938
-0.26948
-0.31623
-0.3057
-0.31623
-0.37359
-0.30133
-0.29802
-0.28527
-0.29802
-0.3024
-0.16024
-0.2224
-0.2224
-0.22541
-0.27967
-0.33901
-0.35834
-0.33707
-0.34575
-0.34575
-0.51627
-0.28952
-0.28055
-0.0318
-0.24905
-0.40863
-0.24716
-0.31453
-0.59259
-0.5902
-0.57534
-0.59515
-0.57975
-0.26948
-0.28617
-0.30638
-0.22416
-0.255
2.68279
-0.40665
-0.41218
-0.37294
-0.37773
-0.35944
-0.34849
-0.3721
-0.3721
-0.2962
-0.07222
-0.1103
-0.28237
-0.35663
-0.35225
-0.32957
-0.20494
-0.35038
-0.40163
-0.36783
-0.17347
-0.37313
-0.35225
-0.74437
-0.10628
-0.47159
-0.826
-0.83817
1.67216
1.37604
0.70486
0.67448
0.66746
0.62802
0.65534
0.65102
0.36935
0.66376
0.60984
0.36901
0.42164
-0.01408
0.0983
-0.09288
-0.27863
-0.08811
-0.12001
-0.11465
-0.08759
-0.1183
-0.10423
-0.09892
-0.11317
-0.06122
-0.09782
-0.04533
-0.1078
-0.1078
-0.1399
0.16207
-0.09765
0.47767
0.00367
0.14359
0.0967
0.09092
0.11265
0.26285
0.12744
0.3004
0.34696
-0.42694
-2.09493
-1.29405
-0.97764
-0.97764
-0.45907
-0.52167
-0.67122
-1.21439
-1.17385
-1.08487
-1.25827
-1.10328
-0.97075
-1.72397
-1.561
-1.58763
-1.52365
-1.53329
-1.53329
-1.53329
-1.54764
-1.53371
-1.53371
-1.5324
-1.5324
-1.26894
-1.5324
-1.5324
-1.5324
-1.54286
-1.5172
-1.51851
-1.61032
-1.53759
-1.59498
-1.61236
-1.50479
-1.59661
-1.35521
-1.50479
-1.50694
-1.5061
-1.59791
-1.5061
-1.59479
-1.56078
-1.55512
-1.56208
-1.12949
-1.52785
-1.52916
-1.52916
-1.61956
-1.52489
-1.52916
-1.63338
-1.52916
-1.60276
-1.60276
-1.59179
-1.50005
-1.50394
-1.5957
-1.50263
-1.5957
-1.50394
-1.5957
-1.50394
-1.50394
-1.50394
-1.50394
-1.60666
-1.5957
-1.50393
-1.49421
-1.50394
-1.42022
-1.50394
-1.50394
-1.5957
-1.5957
-1.5957
-1.50394
-1.5957
-1.5957
-1.40859
-1.47325
-1.51521
-1.50252
-1.62852
-1.66661
-1.56069
-1.55912
-1.57421
-1.63479
-1.49421
-1.59807
-1.48256
-1.65632
-1.69214
-1.66294
-1.54759
-1.64839
-1.30538
-1.5751
-0.5243
-0.64551
-0.63194
-0.69333
-0.65723
-0.25112
-0.08335
-0.59807
-0.41115
-1.07869
-0.5454
-0.5454
-0.8489
-1.0109
-1.01384
-0.98509
-1.01179
-0.98687
-0.95403
-0.92104
-0.92983
-0.94614
-0.96633
-0.93254
-0.92717
-0.64355
-0.64355
-0.64722
-0.76436
-0.72752
-0.72425
-0.68788
-0.68641
-0.67826
-0.72755
-0.77285
-0.75615
-0.74003
-0.6276
-0.70145
-0.44937
-0.6276
-0.59761
-0.66288
-0.64644
-0.62545
-0.72396
-0.5564
-0.62779
-0.61929
-0.61929
-0.54364
-0.02018
0.01411
0.02797
0.00433
0.01856
-0.01571
-0.03263
-0.03603
0.01974
0.01974
-0.10307
-0.11727
-0.1184
-0.11727
-0.04995
-0.04995
-0.04995
-0.11727
-0.05519
0.00979
-0.02406
-0.26946
-0.11268
-0.0979
-0.0979
-0.1488
-0.09901
-0.09901
0.05146
-0.09976
-0.09524
-0.11454
-0.11015
-0.05284
-0.11015
-0.13166
-0.06525
-0.1094
-0.14817
-0.13166
-0.14817
-0.21125
-0.11844
-0.2046
0.56644
-0.11099
-0.18091
-0.16215
-0.1107
-0.23725
-0.23551
-0.16215
-0.15808
-0.16716
-0.16768
-0.17631
-0.16716
-0.16741
-0.16741
-0.16741
-0.16741
-0.16741
-0.16741
-0.16741
-0.18711
-0.16741
-0.15804
-0.15804
-0.15804
-0.15412
-0.11361
-0.13939
0.11601
-0.13312
0.14649
0.32606
-0.1109
-0.10185
-0.49286
-0.44698
-0.44698
-0.1022
-0.10151
-0.69561
-0.70612
-0.7008
-0.73552
-0.69069
-0.7019
-0.7019
-0.63204
-0.61945
-0.64473
-0.72462
-0.72462
-0.72462
-0.73964
-0.73964
-0.74816
-0.72199
-0.72199
-0.72668
-0.72199
-0.72199
-0.72199
-0.72199
-0.72199
-0.72199
-0.72199
-0.72199
-0.73686
-0.72397
-0.72199
-0.72397
-0.72199
-0.72199
-0.72199
-0.72199
-0.72199
-0.72199
-0.72199
-0.72199
-0.72199
-0.70749
-0.72985
-0.72108
-0.72379
-0.72108
-0.69201
-0.69201
-0.72108
-0.68917
-0.70644
-0.70422
-0.65178
-0.65377
-0.70151
-0.67668
-0.66924
-0.87521
-0.70115
-0.71399
-0.79813
-0.87596
-0.70656
-0.70656
-0.76781
-0.71389
-0.69846
-0.69846
-0.68772
-0.73686
-0.67961
-0.68772
-0.691
-0.81215
-0.67392
-0.67059
-0.66986
-0.65783
-0.70926
-0.28858
-0.7748
-0.75524
-0.8029
-0.7931
-0.3687
-0.23545
-0.23545
-0.28638
-0.28638
-2.45537
-2.11048
-2.29844
-2.45354
-2.36898
-2.27109
-2.34146
-2.3214
-2.31036
-2.29174
-2.17888
-2.16698
-2.32558
-2.40021
-2.40021
-2.40539
-2.37743
-2.18969
-2.38176
-2.22297
-2.22297
-2.30368
-2.23937
-2.30368
0.10664
-0.13308
-0.00365
0.5084
0.49635
0.53558
0.47879
0.45841
0.56891
0.49243
0.54968
0.45841
0.39951
0.34066
0.44439
0.5883
0.61718
0.3632
-0.49902
-0.44621
-0.47256
-1.22581
-0.47256
-0.54837
1.62787
1.61896
1.701
1.80108
-0.41594
-1.38292
-1.54301
-1.52258
-1.49498
-1.46054
-1.44678
-1.4414
-1.46249
-1.39959
-1.36043
-1.39959
-1.35636
-1.34978
-1.35636
-1.34978
-1.3674
-1.34774
-1.25114
-1.23924
-1.17552
-1.25114
-1.24957
-1.24405
-1.22155
-1.2545
-1.16055
-1.19461
-1.15077
-1.16055
-1.16354
-1.16354
-1.16211
-1.17065
-1.19966
-1.11483
-1.11159
-1.13792
-1.19485
-1.25599
-1.21022
-1.26103
-0.98254
-0.97882
-1.29265
-0.99282
-1.28724
-1.05366
-1.05165
-1.22981
-1.02071
-1.14408
-1.24776
-1.24776
-1.10439
-1.24776
-1.02071
-1.24752
-1.14408
-1.07465
-1.07995
-1.07817
-1.24789
-1.50278
-1.26035
-1.31347
-1.08962
-1.30655
-1.06106
-1.28968
-1.30655
-1.08481
-1.28968
-0.3054
-1.09363
-1.38488
-1.29009
-1.291
-1.45225
-1.08318
1.41744
1.23523
0.76612
0.98037
0.84
1.34942
1.08421
1.12859
1.10921
0.95523
1.36626
1.1998
1.15015
1.15015
0.98394
1.1998
0.98041
0.95285
1.34155
1.16977
0.31352
0.27841
0.24942
1.10232
1.41625
1.05126
0.24545
0.04017
0.19551
0.18627
0.15885
0.43822
0.24545
0.27162
