-6.18948
-6.17668
-6.15207
-5.5618
-6.77436
-7.06476
-6.98726
-7.2326
-7.62439
-7.60837
-7.64973
-7.6266
-7.62483
-8.03452
-8.07918
-7.59819
-7.59693
-7.61971
-7.64233
-8.25543
-8.3058
-8.30732
-8.32727
-8.32727
-8.26898
-8.269
-8.29229
-8.34948
-7.2797
-8.37651
-8.45332
-8.40241
-8.03812
-8.21543
-8.21505
-8.15455
-8.0921
-8.1647
-7.83322
-7.81702
-7.35427
-7.23805
-7.28327
-7.27632
-7.27916
-7.13402
-7.14057
-7.18716
-6.29858
6.48236
5.55186
6.01112
5.98763
6.06246
6.14088
6.13724
6.12809
6.10505
6.10505
6.11252
6.12024
6.11597
6.12551
6.13922
6.12535
6.13922
6.07884
6.1294
6.13646
6.13509
6.13742
6.13338
6.1874
6.07476
6.07812
6.07067
6.06395
6.13458
6.18544
6.1679
6.13906
6.12261
6.10915
6.10553
6.12686
5.58186
5.92605
6.10985
6.3424
6.104
5.93316
5.87491
5.87819
5.87624
5.88522
6.12551
6.11441
5.97227
5.78009
5.93905
-5.88621
6.09013
6.08975
6.12131
6.12131
6.13086
6.2761
6.29453
6.25124
6.1792
6.29493
6.23848
6.21423
6.21836
6.21786
6.20864
6.13722
6.41966
6.20523
6.15406
6.29586
6.22663
6.21786
6.01027
5.70489
-6.85382
-6.39611
-7.16558
6.79809
6.88692
7.37479
7.24092
7.33449
7.48213
7.4856
7.27592
6.05366
7.51108
7.51706
6.08055
6.0825
5.58327
6.92484
7.48812
7.35153
7.20326
7.46313
7.20368
7.2645
7.52237
7.27434
7.28635
7.56404
7.53221
7.26455
7.5027
7.27265
7.26793
7.47287
6.6362
7.49777
7.1295
7.15088
7.14078
5.99017
5.97439
5.97707
7.0375
7.06096
-5.55237
-5.49468
-5.53533
5.78919
6.3082
6.79553
6.79553
6.21274
6.21369
5.83508
5.777
5.7027
5.69717
5.84371
5.81244
5.54448
6.4182
6.6523
5.85426
6.80056
6.80056
6.79357
6.80056
6.81295
6.80568
6.80568
6.80568
6.80568
6.54198
6.80568
6.80568
6.80568
6.78901
6.80568
6.80568
6.91688
6.80337
6.91174
6.91686
6.80567
6.91686
6.47571
6.82254
6.81763
6.8199
6.93104
6.8199
6.93104
6.7264
6.73677
6.7264
6.26802
6.82282
6.82282
6.82282
6.93393
6.82282
6.82282
5.95071
6.82282
6.93759
6.93759
6.93759
6.82649
6.81801
6.92912
6.81801
6.92912
6.81801
6.92912
6.81801
6.81801
6.81801
6.81801
6.92912
6.92912
6.83734
6.79572
6.81801
6.48176
6.81801
6.81801
6.90942
6.92912
6.92912
6.81801
6.92912
6.92912
6.77283
6.79516
6.7954
6.8346
6.96445
6.82958
6.84459
6.8158
6.8081
7.023
6.79572
6.93725
6.77677
6.85524
7.02067
6.90258
6.89338
6.89516
6.41121
5.67247
5.75451
5.57791
5.55797
5.55018
5.56101
5.948
5.65901
6.06978
6.36555
7.32038
6.65851
6.65851
5.88254
5.63473
5.63713
5.58577
5.60709
5.58577
5.64985
5.66398
5.70442
5.68073
5.64701
5.62273
5.65934
5.48451
5.48451
5.63391
5.5464
5.56264
5.54694
5.58152
5.46517
5.48356
5.52968
5.57296
5.58516
5.62051
5.54484
5.62946
5.48694
5.55072
5.45379
5.57052
5.57239
5.58597
5.56327
5.61551
5.58183
5.59761
5.59761
5.70934
6.67564
6.67922
6.67854
6.41474
6.58412
6.59611
6.60202
6.63645
6.59605
6.59605
6.63288
6.61574
6.61396
6.61363
6.58891
6.58891
6.58891
6.61363
6.58891
6.53802
6.63034
5.78777
6.57813
6.68654
6.67508
6.33693
6.68654
6.68654
6.59017
6.70461
6.69398
6.57378
6.57378
6.57065
6.57378
6.57796
6.56792
6.54426
6.04096
6.57796
6.04096
6.45473
6.01874
6.62271
5.70814
6.40963
6.5044
6.48233
6.43524
6.35749
6.36669
6.49591
6.49654
6.50277
6.48493
6.5454
6.50325
6.50325
6.50325
6.50325
6.50325
6.50418
6.48097
6.50325
6.10729
6.52255
6.50208
6.50208
6.50208
6.52986
6.48278
6.48278
6.42638
5.58257
5.6613
6.34076
6.4024
5.93039
5.75172
6.69978
6.69978
-5.8653
-5.8653
-6.01907
-6.01907
-6.01907
-5.94545
-6.01907
-6.01907
-6.01907
-6.13274
-6.09395
-6.13393
-6.01907
-6.01907
-6.01907
-6.08493
-6.08493
-6.06006
-6.01251
-6.01251
-6.01251
-6.01251
-6.01251
-6.01251
-6.01251
-6.01251
-6.01251
-6.01251
-6.01251
-6.02081
-6.01251
-6.01251
-6.02045
-6.02045
-6.02045
-6.02045
-6.02045
-6.02045
-6.02045
-6.02045
-6.02045
-6.02045
-6.04464
-6.0595
-6.05475
-6.07011
-6.07011
-6.02693
-6.02693
-6.07011
-6.02377
-6.02249
-6.0775
-6.01307
-6.01307
-6.07525
-6.08141
-6.09947
-5.79728
-5.87822
-6.09215
-5.90748
-5.88456
-6.06112
-6.06112
-6.09653
-6.05948
-6.05948
-6.05948
-6.05948
-6.02081
-6.08872
-6.09803
-6.10374
-5.94487
-6.10957
-6.10775
-6.10775
-6.13642
-6.15064
-5.65101
-6.09582
-5.92781
-5.95403
-5.95483
-5.57873
-5.95365
-5.95365
-5.73351
-5.73351
-5.89778
-6.49391
-6.1877
-5.84782
-5.91552
-6.02711
-6.06027
-6.06426
-6.07172
-6.08588
-6.05197
-6.06097
-6.06826
-6.06783
-6.06632
-5.94091
-6.10207
-6.01546
-6.15764
-6.026
-6.026
-6.11655
-6.07246
-6.11655
-5.86019
-6.10753
-6.06001
-6.31094
-6.28484
-6.27727
-6.28364
-5.7653
-6.30013
-6.31037
-6.3211
-5.7653
-6.38206
-6.2559
-6.3056
-8.3759
-8.31217
-6.48457
-6.09083
-6.18367
-6.19976
-5.51519
-6.19976
-5.49281
-8.16149
-8.23654
-8.10913
-8.37249
-6.16553
-7.28474
-7.50531
-7.50707
-7.49635
-7.47303
-7.4813
-7.4813
-7.49208
-7.47243
-7.55782
-7.47928
-7.57593
-7.56737
-7.57593
-7.57757
-7.61399
-7.58951
-7.59097
-7.59752
-7.65167
-7.5985
-7.60284
-7.56083
-7.5806
-7.45663
-7.48146
-7.4197
-7.55361
-7.48146
-7.48773
-7.48773
-7.51538
-7.46845
-7.48922
-7.33183
-7.36243
-7.48204
-7.51416
-5.49375
-7.58613
-5.64769
-7.83775
-7.82867
-5.81355
-8.07841
-5.93036
-8.03942
-8.04219
-6.00915
-8.10655
-6.00306
-5.99949
-5.99949
-8.22265
-5.98908
-8.10655
-5.99034
-6.00306
-8.11459
-8.10935
-8.14713
-5.93171
5.98061
-5.92862
-5.96471
-8.19694
-5.88747
-8.16433
-5.99612
-5.88747
-8.16096
-5.99612
-5.8785
-8.23134
-5.86384
-6.00554
-6.00249
-5.95363
-6.11507
6.07552
5.55501
5.71585
5.60054
5.66578
5.76415
5.89728
5.93834
5.95139
5.72741
5.79738
5.98167
5.94844
5.94844
5.76385
5.98167
5.78578
5.79578
5.9023
5.78103
5.99425
6.04621
6.25823
5.70075
5.56441
5.96025
6.38211
6.60916
6.36654
6.38592
6.41395
6.21598
6.38211
6.28564
